<?xml version="1.0"?>
<opencv_storage>
<calibrationDate>"Do 05 Jan 2023 16:15:13 CET"</calibrationDate>
<framesCount>29</framesCount>
<cameraResolution>
  1920 1080</cameraResolution>
<cameraMatrix type_id="opencv-matrix">
  <rows>3</rows>
  <cols>3</cols>
  <dt>d</dt>
  <data>
    1.0377979567745367e+03 0. 1.0216962400557677e+03 0.
    1.0374769190590355e+03 5.4415006261995086e+02 0. 0. 1.</data></cameraMatrix>
<cameraMatrix_std_dev type_id="opencv-matrix">
  <rows>4</rows>
  <cols>1</cols>
  <dt>d</dt>
  <data>
    1.3295069723608173e+00 1.3248639252586034e+00 5.9679154671550094e-01
    5.9083066443695609e-01</data></cameraMatrix_std_dev>
<dist_coeffs type_id="opencv-matrix">
  <rows>1</rows>
  <cols>5</cols>
  <dt>d</dt>
  <data>
    1.7474590617819344e-01 -2.3061035437779587e-01
    -5.1855891146730942e-04 2.0409943414664630e-04
    1.0214218736712412e-01</data></dist_coeffs>
<dist_coeffs_std_dev type_id="opencv-matrix">
  <rows>5</rows>
  <cols>1</cols>
  <dt>d</dt>
  <data>
    1.6457364675959503e-03 3.3030987079681155e-03 1.8433612678025503e-04
    1.8931280326618978e-04 2.3623650085061077e-03</data></dist_coeffs_std_dev>
<avg_reprojection_error>2.5637215471663061e-01</avg_reprojection_error>
</opencv_storage>
