<?xml version="1.0"?>
<opencv_storage>
<calibrationDate>"Fr 24 Nov 2023 14:50:29 CET"</calibrationDate>
<framesCount>29</framesCount>
<cameraResolution>
  1920 1080</cameraResolution>
<cameraMatrix type_id="opencv-matrix">
  <rows>3</rows>
  <cols>3</cols>
  <dt>d</dt>
  <data>
    1.7251030917665310e+03 0. 9.4408152697706407e+02 0.
    1.7258724727051026e+03 6.1743124983332882e+02 0. 0. 1.</data></cameraMatrix>
<cameraMatrix_std_dev type_id="opencv-matrix">
  <rows>4</rows>
  <cols>1</cols>
  <dt>d</dt>
  <data>
    4.9270464825870164e+00 4.9364036239518621e+00 1.6414260404250380e+00
    1.8702061760928339e+00</data></cameraMatrix_std_dev>
<dist_coeffs type_id="opencv-matrix">
  <rows>1</rows>
  <cols>5</cols>
  <dt>d</dt>
  <data>
    2.8324157133325317e-01 -1.5014390544122789e+00
    -1.0007008660854030e-03 5.9314682502761146e-04
    2.6298416437715781e+00</data></dist_coeffs>
<dist_coeffs_std_dev type_id="opencv-matrix">
  <rows>5</rows>
  <cols>1</cols>
  <dt>d</dt>
  <data>
    5.6083188542906904e-03 4.7340185045942319e-02 3.7691706598797257e-04
    4.0591439575734975e-04 1.2278063723154481e-01</data></dist_coeffs_std_dev>
<avg_reprojection_error>3.4964081883108294e-01</avg_reprojection_error>
</opencv_storage>
