<?xml version="1.0"?>
<opencv_storage>
<calibrationDate>"Sa 16 Dez 2023 12:37:39 CET"</calibrationDate>
<framesCount>29</framesCount>
<cameraResolution>
  800 600</cameraResolution>
<cameraMatrix type_id="opencv-matrix">
  <rows>3</rows>
  <cols>3</cols>
  <dt>d</dt>
  <data>
    6.1245509043238746e+02 0. 4.0092200352135347e+02 0.
    6.1245509043238746e+02 2.9896881022802910e+02 0. 0. 1.</data></cameraMatrix>
<cameraMatrix_std_dev type_id="opencv-matrix">
  <rows>4</rows>
  <cols>1</cols>
  <dt>d</dt>
  <data>
    0. 1.8209075987962708e+00 4.4856093930906821e-01
    1.0581566728454355e+00</data></cameraMatrix_std_dev>
<dist_coeffs type_id="opencv-matrix">
  <rows>1</rows>
  <cols>5</cols>
  <dt>d</dt>
  <data>
    -4.4465916446551589e-02 1.5320303625773068e-01 0. 0.
    -1.4259023539245755e-01</data></dist_coeffs>
<dist_coeffs_std_dev type_id="opencv-matrix">
  <rows>5</rows>
  <cols>1</cols>
  <dt>d</dt>
  <data>
    3.5991707798126815e-03 1.8419860447613592e-02 0. 0.
    2.8858747654143879e-02</data></dist_coeffs_std_dev>
<avg_reprojection_error>2.1162441659932607e-01</avg_reprojection_error>
</opencv_storage>
