<?xml version="1.0"?>
<opencv_storage>
<calibrationDate>"Do 05 Jan 2023 07:43:00 CET"</calibrationDate>
<framesCount>29</framesCount>
<cameraResolution>
  1920 1080</cameraResolution>
<cameraMatrix type_id="opencv-matrix">
  <rows>3</rows>
  <cols>3</cols>
  <dt>d</dt>
  <data>
    1.4915199918608496e+03 0. 8.9854770374558893e+02 0.
    1.4918888945509500e+03 5.2807803402643390e+02 0. 0. 1.</data></cameraMatrix>
<cameraMatrix_std_dev type_id="opencv-matrix">
  <rows>4</rows>
  <cols>1</cols>
  <dt>d</dt>
  <data>
    3.6940119351470622e+00 3.6612741218929123e+00 1.7343169155926683e+00
    1.5484639374584166e+00</data></cameraMatrix_std_dev>
<dist_coeffs type_id="opencv-matrix">
  <rows>1</rows>
  <cols>5</cols>
  <dt>d</dt>
  <data>
    9.3578735724300297e-02 -1.2713709487716435e-01
    -1.0542671371320943e-03 -9.5881160366666934e-04
    -2.4999800333533152e-02</data></dist_coeffs>
<dist_coeffs_std_dev type_id="opencv-matrix">
  <rows>5</rows>
  <cols>1</cols>
  <dt>d</dt>
  <data>
    3.2434490895475927e-03 1.5172995665168389e-02 3.0222030119522709e-04
    3.4471809418738271e-04 2.4532604535329607e-02</data></dist_coeffs_std_dev>
<avg_reprojection_error>3.7817999018686110e-01</avg_reprojection_error>
</opencv_storage>
