<?xml version="1.0"?>
<opencv_storage>
<calibrationDate>"Fr 23 Jun 2023 07:33:51 CEST"</calibrationDate>
<framesCount>29</framesCount>
<cameraResolution>
  1920 1080</cameraResolution>
<cameraMatrix type_id="opencv-matrix">
  <rows>3</rows>
  <cols>3</cols>
  <dt>d</dt>
  <data>
    1.4435338284848040e+03 0. 9.5815262718165536e+02 0.
    1.4522412024289767e+03 4.3818616126744445e+02 0. 0. 1.</data></cameraMatrix>
<cameraMatrix_std_dev type_id="opencv-matrix">
  <rows>4</rows>
  <cols>1</cols>
  <dt>d</dt>
  <data>
    9.8318374981354548e+00 8.9930664120715882e+00 3.1276504884482219e+00
    9.5021097688593414e+00</data></cameraMatrix_std_dev>
<dist_coeffs type_id="opencv-matrix">
  <rows>1</rows>
  <cols>5</cols>
  <dt>d</dt>
  <data>
    -2.3894534523237268e-02 2.1805458707436084e-01
    -8.7502690888495802e-03 -3.0120116284872091e-03
    -2.6377878944687255e-01</data></dist_coeffs>
<dist_coeffs_std_dev type_id="opencv-matrix">
  <rows>5</rows>
  <cols>1</cols>
  <dt>d</dt>
  <data>
    4.1634900379407883e-03 1.5909554313875730e-02 5.8558027291415638e-04
    7.0711006950749519e-04 2.2323898699207863e-02</data></dist_coeffs_std_dev>
<avg_reprojection_error>6.0422332467903350e-01</avg_reprojection_error>
</opencv_storage>
